parpos = [67.89572513103485, 46.81112408638001, 172.143158197403, 137.3045024424791;
  68.55493333935738, 49.3505625128746, 176.6913490220904, 140.0124723315239;
  68.55277174711227, 51.17206235602498, 174.2680436968803, 136.3558718562126;
  70.76577943563461, 55.00623822212219, 177.3972606360912, 134.7086366415024;
  72.8328452706337, 54.42555320262909, 176.053411334753, 138.3295058682561;
  68.47259908914566, 53.14271235466003, 176.5634905099869, 136.8143497109413;
  69.85082389414311, 53.20253849029541, 178.4123131334782, 141.1974799633026;
  77.20699119567871, 52.34391608834267, 177.9052161276341, 135.6054984927177;
  71.47991552948952, 54.95656549930573, 179.4524390101433, 138.8466517925263;
  70.53675785660744, 50.33352448046207, 174.0063806176186, 139.8586288690567;
  72.32719254493713, 48.75567895174027, 174.0567519664764, 138.9043201804161;
  68.83914968371391, 49.37127435207367, 180.855101108551, 133.2173295021057;
  69.18581473827362, 50.48617753386498, 180.1384853124619, 131.8908913135529;
  70.09469091892242, 46.89139223098755, 176.6944694593549, 138.2909522429109;
  68.97695621848106, 42.35697913169861, 180.0445704460144, 139.5947892665863;
  67.72089409828186, 49.01467734575272, 179.0569610595703, 137.5838113278151;
  71.30909565091133, 47.86456310749054, 168.0607903003693, 136.0186271667481;
  75.24538445472717, 48.89513182640076, 178.1651819050312, 138.9181998968124;
  71.51960551738739, 55.52081179618835, 179.4074106216431, 136.4855641722679;
  71.87278091907501, 48.67121547460556, 174.6937453150749, 136.5202671289444;
  71.45524734258652, 53.21346205472946, 183.0940675735474, 138.7533255815506;
  66.9095870256424, 54.28754317760468, 175.9200659394264, 138.8641056418419;
  71.59165555238724, 55.35873198509216, 180.2226827144623, 140.1861122846603;
  69.47404465079308, 56.15859317779541, 175.7603660523891, 140.4573249220848;
  70.06252725981176, 54.10560786724091, 180.7447704076767, 141.3199996948242;
  67.95711159706116, 54.54208481311798, 177.0123952715658, 138.3056231439114;
  70.54480166733265, 56.50858354568481, 177.5856729894877, 138.1560738198459;
  67.53173631429672, 50.72549524158239, 174.6060975193977, 138.0985436663032;
  72.79943424463272, 46.72601294517517, 177.778156042099, 133.6968641281128;
  68.78201130032539, 45.28378307819367, 176.8827076926827, 135.1305963993073;
  71.24736765027046, 48.67848819494247, 179.098326086998, 134.5609413385391;
  69.87366150692105, 50.19256120920181, 175.3074831962585, 138.5250446945429;
  69.07039669156075, 53.79020243883133, 176.6784604042769, 136.14345484972;
  66.79277789592743, 53.53033661842346, 173.9561208486557, 140.0378583669663;
  71.43349409103394, 46.8395791053772, 173.6634793281555, 140.0204941034317;
  65.00972187519074, 57.3561429977417, 175.8717661499977, 134.2336052656174;
  71.86953580379486, 55.49991023540497, 175.9610949754715, 138.0090670790523;
  68.39678108692169, 49.44101357460022, 183.4963881969452, 138.0177182941698;
  68.05197292566299, 50.20458644628525, 175.2609096765518, 136.6766904294491;
  71.75886303186417, 48.86863517761231, 176.3149445056915, 140.0499883890152;
  68.29791682958603, 51.61285458505154, 173.3379950523377, 141.3299006223679;
  66.15698850154877, 46.50451040267944, 171.4193859100342, 140.0250037908554;
  70.5102706849575, 46.92519271373749, 177.0746000278741, 134.759338259697;
  71.80545496940613, 49.99762442708015, 181.1677240133286, 132.9765651226044;
  71.76962333917618, 50.88010569289327, 175.876078337431, 138.2641828581691;
  67.58768594264984, 52.68209981918335, 169.5268428325653, 136.377780854702;
  69.86278782039881, 48.40117478370667, 176.2514885812998, 135.8829528093338;
  72.42777395248413, 51.79743906855583, 179.8882496953011, 137.6525678783655;
  63.35106778144836, 46.15393602848053, 177.9964109659195, 139.697410941124;
  67.4828217625618, 46.76799488067627, 176.6390495449305, 137.4272993803024;
  69.16194513440132, 52.12042620778084, 173.8572310209274, 138.8294350504875;
  72.19380897283554, 47.48884212970734, 175.420579969883, 139.578162252903;
  70.46008789539337, 51.68230149149895, 180.0827518701553, 136.6590783298016;
  72.12627577781677, 50.89009912312031, 178.7779215574265, 134.6798404455185;
  69.76095549762249, 50.18534633517265, 170.9019184112549, 138.2098036408424;
  68.91089591383934, 46.86819899082184, 179.4527142047882, 136.7979482710362;
  65.81965458393097, 44.68003606796265, 179.6164625287056, 131.7414529323578;
  71.6955680847168, 48.94927436113358, 174.8512970209122, 136.1232706904411;
  67.21883320808411, 50.59726810455322, 176.0790685415268, 144.078409910202;
  72.01307529211044, 48.48072928190231, 177.4132419526577, 135.7392255663872;
  77.52376365661621, 51.41891165077686, 174.8506695628166, 142.1299699544907;
  68.83439609408379, 49.73252472281456, 177.0544859804213, 137.4063305407763;
  66.86839652061462, 47.42759907245636, 179.3697724342346, 139.4900853931904;
  68.56502282619476, 49.82703405618668, 179.6714059710503, 141.5451675653458;
  70.97594714164734, 52.40228480100632, 179.4206480383873, 135.9436022043228;
  71.15283390879631, 51.254016302526, 180.7388076782227, 135.0111363530159;
  65.1329790353775, 48.34446448087692, 178.2493594586849, 136.647693157196;
  77.29691028594971, 51.04533146973699, 182.4324270486832, 140.2984313964844;
  71.37198200821877, 50.61368246376514, 181.21939265728, 136.5113963484764;
  69.00331956148148, 51.77407720685005, 172.5581384897232, 138.3115833923221;
  68.18789100646973, 49.31632232666016, 174.5168865323067, 140.8353933691979;
  75.21505796909332, 54.29056012630463, 180.3151084184647, 139.5717380046845;
  73.51252293586731, 56.70429575443268, 176.0312113165855, 132.9810909032822;
  67.90946465730667, 50.72555755823851, 182.5987780094147, 137.7119440734386;
  70.77960702776909, 47.99037766456604, 174.4368122220039, 142.4236282110214;
  75.10240089893341, 52.03356340527535, 184.6364686489105, 143.7217465639114;
  72.81249660253525, 49.49822920560837, 178.6888248324394, 133.489239692688;
  65.52948069572449, 52.77321285009384, 177.3616340383887, 137.1041070520878;
  71.50129389762878, 48.79193955659866, 175.5471864044666, 141.1439741849899;
  72.5861269235611, 48.4523908495903, 174.0026235580444, 136.2620987892151;
  76.94970154762268, 50.18807709217072, 173.1246078014374, 136.9033143818378;
  71.67527681589127, 45.87342309951782, 178.0393197834492, 138.2389329448342;
  71.63461399078369, 51.3752828836441, 177.4019634872675, 139.7374860048294;
  73.04205989837647, 49.98117202520371, 180.2771483659744, 136.4846161007881;
  72.88256430625916, 46.18060147762299, 179.0837718844414, 136.6090411841869;
  75.84836542606354, 49.59204071760178, 174.7959120869637, 136.6404212415218;
  71.92301726341248, 56.0564775466919, 176.8855485655367, 132.5264221429825;
  67.5955798625946, 47.61504435539246, 179.1315838694572, 136.2489573955536;
  68.27529060840607, 53.96086031198502, 172.7721236944199, 139.9592708945274;
  68.71049770712853, 49.89186760783196, 174.7048242688179, 140.3576447367668;
  67.10517030954361, 53.60684341192246, 174.7155636548996, 136.2085524201393;
  65.1694552898407, 53.4588902592659, 180.9977999925613, 139.430270075798;
  68.62927281856537, 48.17978292703629, 176.5626738667488, 133.10422539711;
  70.1567460373044, 48.27228283882141, 174.7534512877464, 143.2739013433456;
  67.44668221473694, 52.80323284864426, 173.8852572441101, 139.9716559052467;
  65.90895962715149, 48.47217643260956, 176.6236329227686, 137.7710911855102;
  73.30945861339569, 50.75512949377298, 175.8583517968655, 141.4988476037979;
  72.43646252155304, 50.55168807506561, 183.6068279743195, 137.8293354324997;
  73.32225239276886, 52.46243843436241, 171.3359327316284, 139.2154814600945;
  70.71940650045872, 50.85291232913733, 173.2200847864151, 136.9291487038136];
